Camera matrix :

[[1.53008151e+03 0.00000000e+00 1.08278764e+03]
 [0.00000000e+00 1.52220230e+03 5.51418602e+02]
 [0.00000000e+00 0.00000000e+00 1.00000000e+00]]
dist :

[[ 0.13945944 -0.22619621  0.00172782  0.03147118  0.17542985]]
rvecs :

(array([[ 0.55295913],
       [-0.48703453],
       [-1.508891  ]]), array([[ 0.42925788],
       [-0.36240357],
       [-1.52971201]]), array([[ 0.42416398],
       [-0.35605233],
       [-1.53231425]]), array([[ 0.31460882],
       [-0.24660781],
       [-1.54203751]]), array([[ 0.26508781],
       [-0.19669697],
       [-1.54469672]]), array([[ 0.32501958],
       [-0.26016583],
       [-1.54114118]]), array([[ 0.43869815],
       [-0.3787037 ],
       [-1.53032706]]))
tvecs :

(array([[-12.83819419],
       [  0.43978473],
       [ 22.51958855]]), array([[-13.79600592],
       [  0.13764164],
       [ 28.42067142]]), array([[-10.09167959],
       [  0.58763638],
       [ 19.49291936]]), array([[-12.17516915],
       [ -0.0379572 ],
       [ 31.10729469]]), array([[-10.05162506],
       [ -0.07535577],
       [ 32.18330541]]), array([[-10.69674996],
       [  0.2515165 ],
       [ 26.39402309]]), array([[-17.462156  ],
       [  0.21705765],
       [ 27.91955742]]))